Sample description: primus/qt temporary file
Sample: primus/qt tempo  c= 0 mg/ml  Code: tmp
Parent(s): /tmp/qt_temp.m22237 /tmp/qt_temp.G22237 /tmp/qt_temp.Y22237
  1.185900e-02   5.212786e+03   2.414375e+02
  1.246700e-02   5.202499e+03   9.126499e+01
  1.307500e-02   5.146038e+03   9.500223e+01
  1.368300e-02   5.100916e+03   1.361378e+02
  1.429100e-02   5.001458e+03   1.196710e+02
  1.489900e-02   4.889945e+03   9.389855e+01
  1.550700e-02   4.764241e+03   8.183802e+01
  1.611500e-02   4.652097e+03   7.172618e+01
  1.672400e-02   4.512991e+03   5.583103e+01
  1.733200e-02   4.391811e+03   4.918618e+01
  1.794000e-02   4.291950e+03   4.612728e+01
  1.854800e-02   4.173201e+03   3.655117e+01
  1.915600e-02   4.054328e+03   3.503348e+01
  1.976400e-02   3.936930e+03   3.495364e+01
  2.037200e-02   3.811591e+03   2.715064e+01
  2.098000e-02   3.678944e+03   2.485277e+01
  2.158900e-02   3.565952e+03   2.047762e+01
  2.219700e-02   3.432660e+03   2.000931e+01
  2.280500e-02   3.307110e+03   1.972946e+01
  2.341300e-02   3.193964e+03   1.939626e+01
  2.402100e-02   3.080386e+03   1.882792e+01
  2.462900e-02   2.949120e+03   1.924387e+01
  2.523700e-02   2.847311e+03   1.855351e+01
  2.584500e-02   2.723867e+03   1.792151e+01
  2.645400e-02   2.604473e+03   1.701262e+01
  2.706200e-02   2.498951e+03   1.597917e+01
  2.767000e-02   2.387060e+03   1.699810e+01
  2.827800e-02   2.284612e+03   1.543849e+01
  2.888600e-02   2.186659e+03   1.282444e+01
  2.949400e-02   2.085290e+03   1.318696e+01
  3.010200e-02   1.987418e+03   1.212809e+01
  3.071000e-02   1.894404e+03   1.178866e+01
  3.131900e-02   1.810099e+03   1.187484e+01
  3.192700e-02   1.661438e+03   4.036195e+01
  3.253500e-02   1.619721e+03   1.508732e+01
  3.314300e-02   1.571801e+03   8.639835e+00
  3.375100e-02   1.503889e+03   6.815522e+00
  3.435900e-02   1.435613e+03   6.514475e+00
  3.496700e-02   1.363578e+03   6.207060e+00
  3.557500e-02   1.293933e+03   5.730417e+00
  3.618400e-02   1.232303e+03   5.358716e+00
  3.679200e-02   1.171183e+03   4.644625e+00
  3.740000e-02   1.111813e+03   4.484180e+00
  3.800800e-02   1.061564e+03   4.373938e+00
  3.861600e-02   1.011539e+03   4.128789e+00
  3.922400e-02   9.635935e+02   4.174172e+00
  3.983200e-02   9.190838e+02   3.880669e+00
  4.044000e-02   8.768975e+02   3.556368e+00
  4.104900e-02   8.378758e+02   3.643395e+00
  4.165700e-02   7.995022e+02   3.237425e+00
  4.226500e-02   7.635924e+02   3.215474e+00
  4.287300e-02   7.303968e+02   3.208552e+00
  4.348100e-02   6.986407e+02   2.923798e+00
  4.408900e-02   6.699066e+02   2.779828e+00
  4.469700e-02   6.447315e+02   2.600795e+00
  4.530500e-02   6.208679e+02   2.446490e+00
  4.591400e-02   6.022008e+02   2.649403e+00
  4.652200e-02   5.842608e+02   2.799852e+00
  4.713000e-02   5.670781e+02   2.464594e+00
  4.773800e-02   5.494912e+02   2.256263e+00
  4.834600e-02   5.343568e+02   2.199674e+00
  4.895400e-02   5.221258e+02   2.049886e+00
  4.956200e-02   5.087197e+02   1.911703e+00
  5.017000e-02   4.978321e+02   1.932330e+00
  5.077900e-02   4.899230e+02   1.873005e+00
  5.138700e-02   4.780267e+02   1.806793e+00
  5.199500e-02   4.696537e+02   1.875488e+00
  5.260300e-02   4.623211e+02   1.711567e+00
  5.321100e-02   4.540922e+02   1.869919e+00
  5.381900e-02   4.476743e+02   1.737948e+00
  5.442700e-02   4.418020e+02   1.691088e+00
  5.503500e-02   4.362375e+02   1.642947e+00
  5.564400e-02   4.316592e+02   1.724553e+00
  5.625200e-02   4.267410e+02   1.634988e+00
  5.686000e-02   4.223600e+02   1.692674e+00
  5.746800e-02   4.193033e+02   3.709688e+00
  5.807600e-02   4.142006e+02   1.948223e+00
  5.868400e-02   4.104070e+02   1.941315e+00
  5.929200e-02   4.061832e+02   2.106992e+00
  5.990000e-02   4.008795e+02   2.540704e+00
  6.050900e-02   3.974295e+02   1.620518e+00
  6.111700e-02   3.928517e+02   1.320564e+00
  6.172500e-02   3.873395e+02   1.239464e+00
  6.233300e-02   3.820430e+02   1.230200e+00
  6.294100e-02   3.766685e+02   1.186085e+00
  6.354900e-02   3.713555e+02   1.181739e+00
  6.415700e-02   3.648973e+02   1.151495e+00
  6.476500e-02   3.588446e+02   1.166058e+00
  6.537400e-02   3.532439e+02   1.167220e+00
  6.598200e-02   3.466790e+02   1.161412e+00
  6.659000e-02   3.397627e+02   1.182376e+00
  6.719800e-02   3.326600e+02   1.177250e+00
  6.780600e-02   3.255824e+02   1.094858e+00
  6.841400e-02   3.187471e+02   1.092658e+00
  6.902200e-02   3.113765e+02   1.042166e+00
  6.963000e-02   3.041715e+02   1.029212e+00
  7.023800e-02   2.967370e+02   1.065829e+00
  7.084700e-02   2.883601e+02   1.041669e+00
  7.145500e-02   2.808913e+02   9.955137e-01
  7.206300e-02   2.736497e+02   1.236270e+00
  7.267100e-02   2.676486e+02   1.961904e+00
  7.327900e-02   2.568272e+02   1.391222e+00
  7.388700e-02   2.475165e+02   1.229403e+00
  7.449500e-02   2.392856e+02   1.175416e+00
  7.510300e-02   2.310545e+02   1.184265e+00
  7.571200e-02   2.237862e+02   1.219010e+00
  7.632000e-02   2.159696e+02   1.174290e+00
  7.692800e-02   2.078615e+02   1.149790e+00
  7.753600e-02   2.002767e+02   1.114327e+00
  7.814400e-02   1.915692e+02   1.103881e+00
  7.875200e-02   1.836736e+02   1.144259e+00
  7.936000e-02   1.758914e+02   1.149185e+00
  7.996800e-02   1.686667e+02   1.134499e+00
  8.057600e-02   1.609887e+02   1.060149e+00
  8.118500e-02   1.538211e+02   1.071657e+00
  8.179300e-02   1.464477e+02   1.027313e+00
  8.240100e-02   1.396926e+02   1.012104e+00
  8.300900e-02   1.329911e+02   1.013978e+00
  8.361700e-02   1.269166e+02   1.003215e+00
  8.422500e-02   1.204611e+02   9.469384e-01
  8.483300e-02   1.138934e+02   9.405835e-01
  8.544100e-02   1.086152e+02   9.714447e-01
  8.604900e-02   1.031144e+02   9.586092e-01
  8.665800e-02   9.796853e+01   9.799226e-01
  8.726600e-02   9.275590e+01   9.471357e-01
  8.787400e-02   8.804885e+01   9.120743e-01
  8.848200e-02   8.369952e+01   8.833075e-01
  8.909000e-02   7.979499e+01   8.775362e-01
  8.969800e-02   7.618871e+01   8.489958e-01
  9.030600e-02   7.268175e+01   8.374170e-01
  9.091400e-02   6.936916e+01   8.408781e-01
  9.152200e-02   6.539515e+01   8.551469e-01
  9.213100e-02   6.235171e+01   8.867455e-01
  9.273900e-02   5.967952e+01   9.058741e-01
  9.334700e-02   5.683646e+01   8.664919e-01
  9.395500e-02   5.452683e+01   8.845336e-01
  9.456300e-02   5.224828e+01   9.131091e-01
  9.517100e-02   5.025431e+01   9.109122e-01
  9.577900e-02   4.855327e+01   8.740075e-01
  9.638700e-02   4.701320e+01   8.775792e-01
  9.699500e-02   4.557222e+01   8.652546e-01
  9.760400e-02   4.410682e+01   8.454402e-01
  9.821200e-02   4.306543e+01   8.587629e-01
  9.882000e-02   4.184618e+01   8.521437e-01
  9.942800e-02   4.164102e+01   8.356444e-01
  1.000360e-01   4.097804e+01   8.225803e-01
  1.006440e-01   4.005657e+01   8.180114e-01
  1.012520e-01   3.914962e+01   8.344088e-01
  1.018600e-01   3.864091e+01   8.976008e-01
  1.024680e-01   3.859230e+01   9.039411e-01
  1.030770e-01   3.842626e+01   8.595288e-01
  1.036850e-01   3.806928e+01   8.450416e-01
  1.042930e-01   3.798191e+01   8.464843e-01
  1.049010e-01   3.782622e+01   8.484665e-01
  1.055090e-01   3.761244e+01   8.630278e-01
  1.061170e-01   3.697403e+01   8.480807e-01
  1.067250e-01   3.657526e+01   8.427847e-01
  1.073330e-01   3.618804e+01   8.357534e-01
  1.079410e-01   3.552290e+01   8.295365e-01
  1.085500e-01   3.535704e+01   8.367442e-01
  1.091580e-01   3.534520e+01   8.175697e-01
  1.097660e-01   3.538125e+01   7.966125e-01
  1.103740e-01   3.551425e+01   7.923904e-01
  1.109820e-01   3.515094e+01   7.943671e-01
  1.115900e-01   3.499720e+01   8.001915e-01
  1.121980e-01   3.480763e+01   8.139940e-01
  1.128060e-01   3.451647e+01   7.832161e-01
  1.134140e-01   3.472766e+01   7.777732e-01
  1.140220e-01   3.419601e+01   7.551244e-01
  1.146310e-01   3.448961e+01   7.596891e-01
  1.152390e-01   3.383554e+01   7.496593e-01
  1.158470e-01   3.346925e+01   7.437585e-01
  1.164550e-01   3.306969e+01   7.442541e-01
  1.170630e-01   3.250211e+01   7.759828e-01
  1.176710e-01   3.234466e+01   7.550557e-01
  1.182790e-01   3.210358e+01   7.641257e-01
  1.188870e-01   3.156104e+01   7.357603e-01
  1.194950e-01   3.110899e+01   7.267002e-01
  1.201030e-01   3.020124e+01   7.434875e-01
  1.207120e-01   2.983077e+01   7.649712e-01
  1.213200e-01   2.937127e+01   7.325471e-01
  1.219280e-01   2.870769e+01   7.488434e-01
  1.225360e-01   2.797615e+01   7.349610e-01
  1.231440e-01   2.744130e+01   7.214265e-01
  1.237520e-01   2.715818e+01   7.213903e-01
  1.243600e-01   2.668827e+01   7.224637e-01
  1.249680e-01   2.564921e+01   7.064125e-01
  1.255760e-01   2.499598e+01   7.116304e-01
  1.261840e-01   2.398286e+01   7.386146e-01
  1.267930e-01   2.362004e+01   7.182492e-01
  1.274010e-01   2.339408e+01   7.241383e-01
  1.280090e-01   2.295801e+01   7.226826e-01
  1.286170e-01   2.264234e+01   7.122789e-01
  1.292250e-01   2.221438e+01   7.014674e-01
  1.298330e-01   2.163479e+01   7.243799e-01
  1.304410e-01   2.131338e+01   7.107575e-01
  1.310490e-01   2.101527e+01   7.052062e-01
  1.316570e-01   2.107333e+01   6.985872e-01
  1.322650e-01   2.051420e+01   6.838927e-01
  1.328730e-01   1.998873e+01   6.803180e-01
  1.334820e-01   1.933970e+01   6.857718e-01
  1.340900e-01   1.865163e+01   6.965197e-01
  1.346980e-01   1.801908e+01   7.109911e-01
  1.353060e-01   1.723516e+01   7.051519e-01
  1.359140e-01   1.658298e+01   6.957873e-01
  1.365220e-01   1.626840e+01   7.014262e-01
  1.371300e-01   1.607229e+01   6.835309e-01
  1.377380e-01   1.592709e+01   6.905528e-01
  1.383460e-01   1.573657e+01   6.783357e-01
  1.389540e-01   1.555275e+01   6.731265e-01
  1.395620e-01   1.526122e+01   6.768539e-01
  1.401710e-01   1.492142e+01   6.814210e-01
  1.407790e-01   1.460264e+01   6.740206e-01
  1.413870e-01   1.419143e+01   6.943886e-01
  1.419950e-01   1.353461e+01   6.693697e-01
  1.426030e-01   1.348550e+01   6.765084e-01
  1.432110e-01   1.304409e+01   6.687461e-01
  1.438190e-01   1.285262e+01   6.901532e-01
  1.444270e-01   1.276518e+01   6.825097e-01
  1.450350e-01   1.270987e+01   6.731779e-01
  1.456430e-01   1.225908e+01   6.504994e-01
  1.462510e-01   1.237215e+01   6.604128e-01
  1.468600e-01   1.223739e+01   6.699273e-01
  1.474680e-01   1.204288e+01   6.760521e-01
  1.480760e-01   1.138587e+01   6.694798e-01
  1.486840e-01   1.106232e+01   6.724181e-01
  1.492920e-01   1.105630e+01   6.799492e-01
  1.499000e-01   1.016148e+01   6.616063e-01
  1.505080e-01   1.017107e+01   6.380819e-01
  1.511160e-01   9.848281e+00   6.351844e-01
  1.517240e-01   9.546291e+00   6.552242e-01
  1.523320e-01   9.336634e+00   6.481669e-01
  1.529400e-01   9.446277e+00   6.667972e-01
  1.535480e-01   9.375016e+00   6.347196e-01
  1.541560e-01   9.367050e+00   6.334316e-01
  1.547650e-01   9.084076e+00   6.268918e-01
  1.553730e-01   9.171378e+00   6.610357e-01
  1.559810e-01   9.308280e+00   6.723799e-01
  1.565890e-01   9.091343e+00   6.713539e-01
  1.571970e-01   8.922866e+00   6.523312e-01
  1.578050e-01   8.946549e+00   6.501632e-01
  1.584130e-01   8.435803e+00   6.372616e-01
  1.590210e-01   8.268357e+00   6.408881e-01
  1.596290e-01   7.841613e+00   6.217421e-01
  1.602370e-01   7.617188e+00   6.254555e-01
  1.608450e-01   7.093375e+00   6.231035e-01
  1.614530e-01   6.958791e+00   6.247789e-01
  1.620610e-01   7.329198e+00   6.291720e-01
  1.626700e-01   7.496675e+00   6.427332e-01
  1.632780e-01   7.366781e+00   6.356262e-01
  1.638860e-01   7.226357e+00   6.239293e-01
  1.644940e-01   6.848585e+00   6.235730e-01
  1.651020e-01   6.396549e+00   6.172024e-01
  1.657100e-01   6.370401e+00   6.186700e-01
  1.663180e-01   6.386478e+00   6.284189e-01
  1.669260e-01   6.310890e+00   6.537666e-01
  1.675340e-01   6.204414e+00   6.563295e-01
  1.681420e-01   6.096294e+00   6.463804e-01
  1.687500e-01   6.166450e+00   6.307416e-01
  1.693580e-01   6.167097e+00   6.351114e-01
  1.699660e-01   6.165284e+00   6.206791e-01
  1.705740e-01   6.364006e+00   6.262044e-01
  1.711830e-01   5.882378e+00   6.312314e-01
  1.717910e-01   5.786486e+00   6.272236e-01
  1.723990e-01   5.380062e+00   6.370835e-01
  1.730070e-01   5.545365e+00   6.427451e-01
  1.736150e-01   5.465736e+00   6.373750e-01
  1.742230e-01   5.342886e+00   6.318691e-01
  1.748310e-01   5.491465e+00   6.227832e-01
  1.754390e-01   5.592767e+00   6.124506e-01
  1.760470e-01   5.480630e+00   6.288853e-01
  1.766550e-01   5.500221e+00   6.092262e-01
  1.772630e-01   5.316989e+00   6.080585e-01
  1.778710e-01   5.157393e+00   5.966291e-01
  1.784790e-01   5.301523e+00   5.984035e-01
  1.790870e-01   5.297724e+00   6.153699e-01
  1.796950e-01   5.258746e+00   6.449109e-01
  1.803040e-01   5.026083e+00   6.381783e-01
  1.809120e-01   4.974134e+00   6.437911e-01
  1.815200e-01   5.028764e+00   6.331933e-01
  1.821280e-01   4.623182e+00   6.364961e-01
  1.827360e-01   4.649313e+00   6.196165e-01
  1.833440e-01   4.911752e+00   6.331075e-01
  1.839520e-01   4.560228e+00   6.099784e-01
  1.845600e-01   4.734067e+00   6.118388e-01
  1.851680e-01   4.678339e+00   6.244610e-01
  1.857760e-01   5.270581e+00   6.344863e-01
  1.863840e-01   5.067943e+00   6.216083e-01
  1.869920e-01   4.800877e+00   6.191322e-01
  1.876000e-01   4.329130e+00   6.032257e-01
  1.882080e-01   3.853639e+00   6.071101e-01
  1.888160e-01   3.492132e+00   6.049485e-01
  1.894240e-01   3.565495e+00   5.916856e-01
  1.900320e-01   3.794967e+00   6.027723e-01
  1.906410e-01   3.952581e+00   5.992452e-01
  1.912490e-01   3.962444e+00   6.109555e-01
  1.918570e-01   4.070728e+00   6.009092e-01
  1.924650e-01   4.255611e+00   5.994141e-01
  1.930730e-01   4.170279e+00   5.990451e-01
  1.936810e-01   4.253665e+00   6.035693e-01
  1.942890e-01   4.472387e+00   5.972002e-01
  1.948970e-01   4.199484e+00   6.043935e-01
  1.955050e-01   4.092470e+00   6.034376e-01
  1.961130e-01   3.899486e+00   6.193414e-01
  1.967210e-01   3.789253e+00   6.098800e-01
  1.973290e-01   3.925537e+00   5.978164e-01
  1.979370e-01   3.907054e+00   5.818452e-01
  1.985450e-01   3.882250e+00   5.777014e-01
  1.991530e-01   3.735814e+00   5.809834e-01
  1.997610e-01   3.746209e+00   5.856675e-01
  2.003690e-01   3.784206e+00   5.818652e-01
  2.009770e-01   3.772951e+00   5.731463e-01
  2.015850e-01   3.353022e+00   5.906362e-01
  2.021930e-01   3.374981e+00   6.008314e-01
  2.028020e-01   3.332767e+00   6.054095e-01
  2.034100e-01   3.457554e+00   5.948981e-01
  2.040180e-01   3.446420e+00   5.972614e-01
  2.046260e-01   3.492077e+00   5.916228e-01
  2.052340e-01   3.713129e+00   6.024847e-01
  2.058420e-01   3.359982e+00   5.994489e-01
  2.064500e-01   3.197087e+00   5.955526e-01
  2.070580e-01   3.386823e+00   5.779142e-01
  2.076660e-01   3.284568e+00   5.840367e-01
  2.082740e-01   2.967207e+00   5.941344e-01
  2.088820e-01   2.947840e+00   5.915133e-01
  2.094900e-01   3.034328e+00   5.833569e-01
  2.100980e-01   3.089536e+00   5.796477e-01
  2.107060e-01   3.131662e+00   5.764593e-01
  2.113140e-01   3.317907e+00   5.949602e-01
  2.119220e-01   2.956636e+00   6.041803e-01
  2.125300e-01   2.926788e+00   5.996777e-01
  2.131380e-01   2.931700e+00   6.000835e-01
  2.137460e-01   3.136922e+00   5.997372e-01
  2.143540e-01   3.018470e+00   5.984503e-01
  2.149620e-01   3.179492e+00   5.983548e-01
  2.155700e-01   3.056637e+00   5.990263e-01
  2.161780e-01   3.369807e+00   5.797124e-01
  2.167860e-01   3.565205e+00   5.870552e-01
  2.173940e-01   3.234235e+00   5.862354e-01
  2.180020e-01   3.188795e+00   6.092384e-01
  2.186100e-01   2.742737e+00   5.998572e-01
  2.192190e-01   3.018066e+00   6.129907e-01
  2.198270e-01   3.255408e+00   5.977810e-01
  2.204350e-01   3.181929e+00   5.986435e-01
  2.210430e-01   3.056911e+00   5.862211e-01
  2.216510e-01   2.974960e+00   5.902011e-01
  2.222590e-01   2.901011e+00   5.887353e-01
  2.228670e-01   2.773685e+00   5.952817e-01
  2.234750e-01   2.610257e+00   5.857078e-01
  2.240830e-01   2.397839e+00   5.976354e-01
  2.246910e-01   2.499635e+00   5.869147e-01
  2.252990e-01   2.300209e+00   5.854014e-01
  2.259070e-01   2.550077e+00   5.873329e-01
  2.265150e-01   2.639877e+00   5.887181e-01
  2.271230e-01   2.162512e+00   5.884204e-01
  2.277310e-01   2.586717e+00   5.835586e-01
  2.283390e-01   2.428722e+00   5.936501e-01
  2.289470e-01   2.638119e+00   5.865859e-01
  2.295550e-01   2.847930e+00   5.840965e-01
  2.301630e-01   2.596761e+00   5.768841e-01
  2.307710e-01   2.452936e+00   5.806585e-01
  2.313790e-01   2.515440e+00   5.868272e-01
  2.319870e-01   2.589242e+00   5.924534e-01
  2.325950e-01   2.488618e+00   5.839184e-01
  2.332030e-01   2.300830e+00   5.806263e-01
  2.338110e-01   2.110545e+00   5.764513e-01
  2.344190e-01   2.059189e+00   5.853489e-01
  2.350270e-01   2.282342e+00   5.807090e-01
  2.356350e-01   2.455242e+00   5.815078e-01
  2.362430e-01   2.513821e+00   5.824481e-01
  2.368510e-01   2.537131e+00   5.854493e-01
  2.374590e-01   2.203948e+00   5.887544e-01
  2.380670e-01   2.195235e+00   5.843435e-01
  2.386750e-01   1.997636e+00   5.825833e-01
  2.392830e-01   1.950643e+00   5.856613e-01
  2.398910e-01   2.221803e+00   5.870641e-01
  2.404990e-01   2.257497e+00   5.863364e-01
  2.411070e-01   2.332580e+00   5.861783e-01
  2.417150e-01   2.401857e+00   5.798521e-01
  2.423230e-01   2.420113e+00   5.801605e-01
  2.429310e-01   2.239944e+00   5.787038e-01
  2.435390e-01   2.243850e+00   5.800761e-01
  2.441470e-01   2.336793e+00   5.757082e-01
  2.447550e-01   2.770346e+00   5.838035e-01
  2.453630e-01   2.652238e+00   5.827554e-01
  2.459710e-01   2.472238e+00   5.914884e-01
  2.465790e-01   2.357027e+00   5.804824e-01
  2.471870e-01   2.305172e+00   5.872077e-01
  2.477950e-01   2.155723e+00   5.912042e-01
  2.484030e-01   1.831404e+00   5.936806e-01
  2.490110e-01   1.519975e+00   5.938650e-01
  2.496190e-01   1.613789e+00   5.867168e-01
  2.502270e-01   1.738414e+00   5.822405e-01
  2.508350e-01   2.012685e+00   5.783978e-01
  2.514430e-01   2.146251e+00   5.829445e-01
  2.520510e-01   1.971907e+00   5.814686e-01
  2.526590e-01   1.907903e+00   5.830958e-01
  2.532670e-01   2.199213e+00   5.801180e-01
  2.538750e-01   2.112292e+00   5.853574e-01
  2.544830e-01   1.931099e+00   5.792787e-01
  2.550910e-01   1.936070e+00   5.790671e-01
  2.556990e-01   2.087410e+00   5.681909e-01
  2.563070e-01   2.067152e+00   5.799128e-01
  2.569150e-01   1.997197e+00   5.730678e-01
  2.575230e-01   1.852933e+00   5.788124e-01
  2.581310e-01   2.033454e+00   5.778014e-01
  2.587390e-01   2.267923e+00   5.813712e-01
  2.593470e-01   2.283955e+00   5.795111e-01
  2.599550e-01   1.989019e+00   5.783861e-01
  2.605630e-01   1.793572e+00   5.652230e-01
  2.611710e-01   1.741975e+00   5.799927e-01
  2.617790e-01   1.680066e+00   5.811895e-01
  2.623870e-01   2.163342e+00   5.851999e-01
  2.629950e-01   2.079423e+00   5.793054e-01
  2.636030e-01   2.177053e+00   5.723649e-01
  2.642110e-01   2.129863e+00   5.641274e-01
  2.648190e-01   2.110156e+00   5.653705e-01
  2.654270e-01   2.399954e+00   5.720100e-01
  2.660350e-01   2.328621e+00   5.748460e-01
  2.666430e-01   2.095675e+00   5.797506e-01
  2.672510e-01   1.941054e+00   5.756187e-01
  2.678590e-01   1.838628e+00   5.775134e-01
  2.684670e-01   1.858462e+00   5.661307e-01
  2.690750e-01   1.862679e+00   5.817470e-01
  2.696830e-01   1.873515e+00   5.685917e-01
  2.702910e-01   2.107892e+00   5.723204e-01
  2.708990e-01   2.246148e+00   5.657776e-01
  2.715070e-01   2.194037e+00   5.623802e-01
  2.721150e-01   2.527798e+00   5.568631e-01
  2.727230e-01   2.513590e+00   5.638657e-01
  2.733310e-01   2.381392e+00   5.702123e-01
  2.739390e-01   2.575374e+00   5.854100e-01
  2.745470e-01   2.506945e+00   5.842653e-01
  2.751550e-01   2.786223e+00   5.762513e-01
  2.757630e-01   2.562793e+00   5.761854e-01
  2.763710e-01   2.480098e+00   5.703748e-01
  2.769790e-01   2.316903e+00   5.701569e-01
  2.775870e-01   2.424275e+00   5.723367e-01
  2.781950e-01   2.423508e+00   5.747345e-01
  2.788030e-01   2.275928e+00   5.760038e-01
  2.794110e-01   2.294128e+00   5.784750e-01
  2.800190e-01   2.455911e+00   5.797523e-01
  2.806260e-01   2.598300e+00   5.837987e-01
  2.812340e-01   2.688443e+00   5.794052e-01
  2.818420e-01   2.766755e+00   5.753914e-01
  2.824500e-01   2.740261e+00   5.700729e-01
  2.830580e-01   2.521595e+00   5.736081e-01
  2.836660e-01   2.639112e+00   5.715754e-01
  2.842740e-01   2.772198e+00   5.745612e-01
  2.848820e-01   2.780329e+00   5.667372e-01
  2.854900e-01   2.647965e+00   5.707217e-01
  2.860980e-01   2.620786e+00   5.669345e-01
  2.867060e-01   2.629319e+00   5.745263e-01
  2.873140e-01   2.402014e+00   5.616671e-01
  2.879220e-01   2.484422e+00   5.644374e-01
  2.885300e-01   2.108940e+00   5.652037e-01
  2.891380e-01   2.178169e+00   5.700736e-01
  2.897460e-01   2.242416e+00   5.680741e-01
  2.903540e-01   2.409768e+00   5.599088e-01
  2.909620e-01   2.535088e+00   5.604228e-01
  2.915700e-01   2.647441e+00   5.561111e-01
  2.921780e-01   2.625081e+00   5.624395e-01
  2.927860e-01   2.650552e+00   5.597074e-01
  2.933940e-01   2.836068e+00   5.638114e-01
  2.940020e-01   2.814928e+00   5.559026e-01
  2.946100e-01   2.697519e+00   5.558300e-01
  2.952170e-01   2.498818e+00   5.523552e-01
  2.958250e-01   2.491465e+00   5.479653e-01
  2.964330e-01   2.710162e+00   5.446305e-01
  2.970410e-01   2.395493e+00   5.570611e-01
  2.976490e-01   2.170559e+00   5.566854e-01
  2.982570e-01   2.009425e+00   5.652442e-01
  2.988650e-01   1.820709e+00   5.603583e-01
  2.994730e-01   1.753730e+00   5.551899e-01
  3.000810e-01   1.820904e+00   5.585165e-01
  3.006890e-01   2.169885e+00   5.496933e-01
  3.012970e-01   2.107101e+00   5.512270e-01
  3.019050e-01   2.256529e+00   5.641056e-01
  3.025130e-01   2.472442e+00   5.796847e-01
  3.031210e-01   2.828796e+00   5.829553e-01
  3.037290e-01   3.228693e+00   5.877009e-01
  3.043370e-01   3.267033e+00   5.957221e-01
  3.049450e-01   3.655616e+00   6.040787e-01
  3.055530e-01   3.474831e+00   6.072298e-01
  3.061600e-01   2.992185e+00   6.244765e-01
  3.067680e-01   2.923720e+00   6.229782e-01
  3.073760e-01   2.550547e+00   6.333679e-01
  3.079840e-01   2.398754e+00   6.277576e-01
  3.085920e-01   2.143258e+00   6.341619e-01
  3.092000e-01   2.050673e+00   6.395958e-01
  3.098080e-01   2.130385e+00   6.415813e-01
  3.104160e-01   2.159169e+00   6.391564e-01
  3.110240e-01   2.460887e+00   6.357545e-01
  3.116320e-01   2.524276e+00   6.380722e-01
  3.122400e-01   2.311883e+00   6.504115e-01
  3.128480e-01   2.079244e+00   6.575414e-01
  3.134560e-01   2.118344e+00   6.670121e-01
  3.140640e-01   2.365736e+00   6.628564e-01
  3.146710e-01   2.271574e+00   6.383517e-01
  3.152790e-01   2.811569e+00   6.449014e-01
  3.158870e-01   2.508361e+00   6.457113e-01
  3.164950e-01   2.335206e+00   6.670011e-01
  3.171030e-01   2.248484e+00   6.681162e-01
  3.177110e-01   2.282608e+00   6.922687e-01
  3.183190e-01   2.333439e+00   6.689942e-01
  3.189270e-01   2.746794e+00   7.790037e-01
range-from: 37.0000
range-to: 225.0000
parent: /tmp/qt_temp.m22237
parent: /tmp/qt_temp.G22237
parent: /tmp/qt_temp.Y22237
creator: datmerge
creator-version: v0.3 (r4556)
datmerge-scale: 1.0000
datmerge-scale: 1.0010
datmerge-scale: 1.0004
